set130/                                                                                             000755  001751  001751  00000000000 13311533510 011132  5                                                                                                    ustar 00jf                              jf                              000000  000000                                                                                                                                                                         set130/set_130_1_100.txt                                                                            000644  001751  001751  00000003216 13311533510 013653  0                                                                                                    ustar 00jf                              jf                              000000  000000                                                                                                                                                                         100 1
53.0 45.5 0
53.0 45.4 0
31.5 76.0 34
35.5 75.5 30
44.0 75.0 35
40.5 75.0 30
32.0 74.5 26
35.5 74.5 27
43.0 73.0 26
29.0 72.0 30
30.5 72.0 25
40.0 72.0 25
38.5 70.0 27
29.5 69.5 24
44.0 69.0 26
41.0 66.5 25
30.0 66.0 24
29.0 66.0 25
44.5 64.5 28
43.5 64.0 23
43.5 64.0 24
30.5 63.0 26
28.5 61.5 26
43.5 60.5 26
21.5 60.5 35
8.5 60.0 39
14.5 60.0 35
32.0 60.0 29
37.0 60.0 31
17.5 59.5 29
26.5 59.0 30
46.5 59.0 30
51.5 59.0 36
49.5 59.0 29
20.0 59.0 28
11.0 59.0 34
38.5 58.5 31
33.5 58.0 30
23.5 58.0 31
18.5 58.0 28
14.0 57.5 32
9.0 57.0 38
30.0 57.0 27
44.5 56.5 26
17.0 56.5 35
43.0 55.0 27
29.5 54.5 26
46.5 53.5 25
45.5 52.5 23
46.5 50.0 23
31.0 50.0 25
45.0 47.0 23
48.0 45.5 26
28.5 45.5 29
29.5 43.0 25
43.0 43.0 28
33.5 43.0 28
37.5 43.0 28
52.5 42.0 34
47.5 41.5 26
50.5 41.0 26
40.0 41.0 26
30.0 40.5 27
52.0 39.5 30
37.0 39.5 28
33.0 39.5 27
42.0 39.5 29
45.5 39.0 26
47.5 39.0 24
30.0 36.5 25
49.0 36.0 24
47.0 34.5 24
30.0 34.5 24
48.5 33.0 23
28.5 33.0 26
50.0 32.5 28
31.0 31.0 25
48.0 31.0 24
48.5 29.0 24
47.5 27.5 26
29.0 27.0 25
25.0 27.0 30
31.0 27.0 27
15.0 27.0 36
36.0 27.0 33
20.5 26.5 29
17.0 26.0 30
28.0 26.0 28
49.5 26.0 36
41.0 26.0 30
7.0 25.5 38
45.0 25.5 30
10.0 25.0 35
23.5 25.0 27
21.0 24.5 28
26.5 24.5 28
42.0 24.0 27
37.5 24.0 32
17.0 24.0 34
32.5 24.0 29
11.5 23.5 33
8.5 23.5 37
30.5 23.5 25
47.0 23.0 31
44.5 22.5 24
45.0 21.5 24
28.5 21.0 27
30.5 20.0 26
43.0 18.0 24
44.5 17.0 23
29.0 17.0 24
30.5 16.0 24
42.5 16.0 25
46.5 13.5 26
29.5 12.5 25
41.5 12.5 26
44.5 10.5 24
30.0 10.0 25
47.0 9.5 28
42.5 8.5 25
30.5 7.5 26
44.5 7.5 26
35.0 7.0 29
37.5 7.0 28
47.5 7.0 30
30.0 5.5 35
43.0 5.5 30
34.5 5.5 32
39.0 5.0 32
47.5 4.5 36
                                                                                                                                                                                                                                                                                                                                                                                  set130/set_130_1_150.txt                                                                            000644  001751  001751  00000003216 13311533510 013660  0                                                                                                    ustar 00jf                              jf                              000000  000000                                                                                                                                                                         150 1
53.0 45.5 0
53.0 45.4 0
31.5 76.0 34
35.5 75.5 30
44.0 75.0 35
40.5 75.0 30
32.0 74.5 26
35.5 74.5 27
43.0 73.0 26
29.0 72.0 30
30.5 72.0 25
40.0 72.0 25
38.5 70.0 27
29.5 69.5 24
44.0 69.0 26
41.0 66.5 25
30.0 66.0 24
29.0 66.0 25
44.5 64.5 28
43.5 64.0 23
43.5 64.0 24
30.5 63.0 26
28.5 61.5 26
43.5 60.5 26
21.5 60.5 35
8.5 60.0 39
14.5 60.0 35
32.0 60.0 29
37.0 60.0 31
17.5 59.5 29
26.5 59.0 30
46.5 59.0 30
51.5 59.0 36
49.5 59.0 29
20.0 59.0 28
11.0 59.0 34
38.5 58.5 31
33.5 58.0 30
23.5 58.0 31
18.5 58.0 28
14.0 57.5 32
9.0 57.0 38
30.0 57.0 27
44.5 56.5 26
17.0 56.5 35
43.0 55.0 27
29.5 54.5 26
46.5 53.5 25
45.5 52.5 23
46.5 50.0 23
31.0 50.0 25
45.0 47.0 23
48.0 45.5 26
28.5 45.5 29
29.5 43.0 25
43.0 43.0 28
33.5 43.0 28
37.5 43.0 28
52.5 42.0 34
47.5 41.5 26
50.5 41.0 26
40.0 41.0 26
30.0 40.5 27
52.0 39.5 30
37.0 39.5 28
33.0 39.5 27
42.0 39.5 29
45.5 39.0 26
47.5 39.0 24
30.0 36.5 25
49.0 36.0 24
47.0 34.5 24
30.0 34.5 24
48.5 33.0 23
28.5 33.0 26
50.0 32.5 28
31.0 31.0 25
48.0 31.0 24
48.5 29.0 24
47.5 27.5 26
29.0 27.0 25
25.0 27.0 30
31.0 27.0 27
15.0 27.0 36
36.0 27.0 33
20.5 26.5 29
17.0 26.0 30
28.0 26.0 28
49.5 26.0 36
41.0 26.0 30
7.0 25.5 38
45.0 25.5 30
10.0 25.0 35
23.5 25.0 27
21.0 24.5 28
26.5 24.5 28
42.0 24.0 27
37.5 24.0 32
17.0 24.0 34
32.5 24.0 29
11.5 23.5 33
8.5 23.5 37
30.5 23.5 25
47.0 23.0 31
44.5 22.5 24
45.0 21.5 24
28.5 21.0 27
30.5 20.0 26
43.0 18.0 24
44.5 17.0 23
29.0 17.0 24
30.5 16.0 24
42.5 16.0 25
46.5 13.5 26
29.5 12.5 25
41.5 12.5 26
44.5 10.5 24
30.0 10.0 25
47.0 9.5 28
42.5 8.5 25
30.5 7.5 26
44.5 7.5 26
35.0 7.0 29
37.5 7.0 28
47.5 7.0 30
30.0 5.5 35
43.0 5.5 30
34.5 5.5 32
39.0 5.0 32
47.5 4.5 36
                                                                                                                                                                                                                                                                                                                                                                                  set130/set_130_1_200.txt                                                                            000644  001751  001751  00000003216 13311533510 013654  0                                                                                                    ustar 00jf                              jf                              000000  000000                                                                                                                                                                         200 1
53.0 45.5 0
53.0 45.4 0
31.5 76.0 34
35.5 75.5 30
44.0 75.0 35
40.5 75.0 30
32.0 74.5 26
35.5 74.5 27
43.0 73.0 26
29.0 72.0 30
30.5 72.0 25
40.0 72.0 25
38.5 70.0 27
29.5 69.5 24
44.0 69.0 26
41.0 66.5 25
30.0 66.0 24
29.0 66.0 25
44.5 64.5 28
43.5 64.0 23
43.5 64.0 24
30.5 63.0 26
28.5 61.5 26
43.5 60.5 26
21.5 60.5 35
8.5 60.0 39
14.5 60.0 35
32.0 60.0 29
37.0 60.0 31
17.5 59.5 29
26.5 59.0 30
46.5 59.0 30
51.5 59.0 36
49.5 59.0 29
20.0 59.0 28
11.0 59.0 34
38.5 58.5 31
33.5 58.0 30
23.5 58.0 31
18.5 58.0 28
14.0 57.5 32
9.0 57.0 38
30.0 57.0 27
44.5 56.5 26
17.0 56.5 35
43.0 55.0 27
29.5 54.5 26
46.5 53.5 25
45.5 52.5 23
46.5 50.0 23
31.0 50.0 25
45.0 47.0 23
48.0 45.5 26
28.5 45.5 29
29.5 43.0 25
43.0 43.0 28
33.5 43.0 28
37.5 43.0 28
52.5 42.0 34
47.5 41.5 26
50.5 41.0 26
40.0 41.0 26
30.0 40.5 27
52.0 39.5 30
37.0 39.5 28
33.0 39.5 27
42.0 39.5 29
45.5 39.0 26
47.5 39.0 24
30.0 36.5 25
49.0 36.0 24
47.0 34.5 24
30.0 34.5 24
48.5 33.0 23
28.5 33.0 26
50.0 32.5 28
31.0 31.0 25
48.0 31.0 24
48.5 29.0 24
47.5 27.5 26
29.0 27.0 25
25.0 27.0 30
31.0 27.0 27
15.0 27.0 36
36.0 27.0 33
20.5 26.5 29
17.0 26.0 30
28.0 26.0 28
49.5 26.0 36
41.0 26.0 30
7.0 25.5 38
45.0 25.5 30
10.0 25.0 35
23.5 25.0 27
21.0 24.5 28
26.5 24.5 28
42.0 24.0 27
37.5 24.0 32
17.0 24.0 34
32.5 24.0 29
11.5 23.5 33
8.5 23.5 37
30.5 23.5 25
47.0 23.0 31
44.5 22.5 24
45.0 21.5 24
28.5 21.0 27
30.5 20.0 26
43.0 18.0 24
44.5 17.0 23
29.0 17.0 24
30.5 16.0 24
42.5 16.0 25
46.5 13.5 26
29.5 12.5 25
41.5 12.5 26
44.5 10.5 24
30.0 10.0 25
47.0 9.5 28
42.5 8.5 25
30.5 7.5 26
44.5 7.5 26
35.0 7.0 29
37.5 7.0 28
47.5 7.0 30
30.0 5.5 35
43.0 5.5 30
34.5 5.5 32
39.0 5.0 32
47.5 4.5 36
                                                                                                                                                                                                                                                                                                                                                                                  set130/set_130_1_250.txt                                                                            000644  001751  001751  00000003216 13311533510 013661  0                                                                                                    ustar 00jf                              jf                              000000  000000                                                                                                                                                                         250 1
53.0 45.5 0
53.0 45.4 0
31.5 76.0 34
35.5 75.5 30
44.0 75.0 35
40.5 75.0 30
32.0 74.5 26
35.5 74.5 27
43.0 73.0 26
29.0 72.0 30
30.5 72.0 25
40.0 72.0 25
38.5 70.0 27
29.5 69.5 24
44.0 69.0 26
41.0 66.5 25
30.0 66.0 24
29.0 66.0 25
44.5 64.5 28
43.5 64.0 23
43.5 64.0 24
30.5 63.0 26
28.5 61.5 26
43.5 60.5 26
21.5 60.5 35
8.5 60.0 39
14.5 60.0 35
32.0 60.0 29
37.0 60.0 31
17.5 59.5 29
26.5 59.0 30
46.5 59.0 30
51.5 59.0 36
49.5 59.0 29
20.0 59.0 28
11.0 59.0 34
38.5 58.5 31
33.5 58.0 30
23.5 58.0 31
18.5 58.0 28
14.0 57.5 32
9.0 57.0 38
30.0 57.0 27
44.5 56.5 26
17.0 56.5 35
43.0 55.0 27
29.5 54.5 26
46.5 53.5 25
45.5 52.5 23
46.5 50.0 23
31.0 50.0 25
45.0 47.0 23
48.0 45.5 26
28.5 45.5 29
29.5 43.0 25
43.0 43.0 28
33.5 43.0 28
37.5 43.0 28
52.5 42.0 34
47.5 41.5 26
50.5 41.0 26
40.0 41.0 26
30.0 40.5 27
52.0 39.5 30
37.0 39.5 28
33.0 39.5 27
42.0 39.5 29
45.5 39.0 26
47.5 39.0 24
30.0 36.5 25
49.0 36.0 24
47.0 34.5 24
30.0 34.5 24
48.5 33.0 23
28.5 33.0 26
50.0 32.5 28
31.0 31.0 25
48.0 31.0 24
48.5 29.0 24
47.5 27.5 26
29.0 27.0 25
25.0 27.0 30
31.0 27.0 27
15.0 27.0 36
36.0 27.0 33
20.5 26.5 29
17.0 26.0 30
28.0 26.0 28
49.5 26.0 36
41.0 26.0 30
7.0 25.5 38
45.0 25.5 30
10.0 25.0 35
23.5 25.0 27
21.0 24.5 28
26.5 24.5 28
42.0 24.0 27
37.5 24.0 32
17.0 24.0 34
32.5 24.0 29
11.5 23.5 33
8.5 23.5 37
30.5 23.5 25
47.0 23.0 31
44.5 22.5 24
45.0 21.5 24
28.5 21.0 27
30.5 20.0 26
43.0 18.0 24
44.5 17.0 23
29.0 17.0 24
30.5 16.0 24
42.5 16.0 25
46.5 13.5 26
29.5 12.5 25
41.5 12.5 26
44.5 10.5 24
30.0 10.0 25
47.0 9.5 28
42.5 8.5 25
30.5 7.5 26
44.5 7.5 26
35.0 7.0 29
37.5 7.0 28
47.5 7.0 30
30.0 5.5 35
43.0 5.5 30
34.5 5.5 32
39.0 5.0 32
47.5 4.5 36
                                                                                                                                                                                                                                                                                                                                                                                  set130/set_130_1_300.txt                                                                            000644  001751  001751  00000003216 13311533510 013655  0                                                                                                    ustar 00jf                              jf                              000000  000000                                                                                                                                                                         300 1
53.0 45.5 0
53.0 45.4 0
31.5 76.0 34
35.5 75.5 30
44.0 75.0 35
40.5 75.0 30
32.0 74.5 26
35.5 74.5 27
43.0 73.0 26
29.0 72.0 30
30.5 72.0 25
40.0 72.0 25
38.5 70.0 27
29.5 69.5 24
44.0 69.0 26
41.0 66.5 25
30.0 66.0 24
29.0 66.0 25
44.5 64.5 28
43.5 64.0 23
43.5 64.0 24
30.5 63.0 26
28.5 61.5 26
43.5 60.5 26
21.5 60.5 35
8.5 60.0 39
14.5 60.0 35
32.0 60.0 29
37.0 60.0 31
17.5 59.5 29
26.5 59.0 30
46.5 59.0 30
51.5 59.0 36
49.5 59.0 29
20.0 59.0 28
11.0 59.0 34
38.5 58.5 31
33.5 58.0 30
23.5 58.0 31
18.5 58.0 28
14.0 57.5 32
9.0 57.0 38
30.0 57.0 27
44.5 56.5 26
17.0 56.5 35
43.0 55.0 27
29.5 54.5 26
46.5 53.5 25
45.5 52.5 23
46.5 50.0 23
31.0 50.0 25
45.0 47.0 23
48.0 45.5 26
28.5 45.5 29
29.5 43.0 25
43.0 43.0 28
33.5 43.0 28
37.5 43.0 28
52.5 42.0 34
47.5 41.5 26
50.5 41.0 26
40.0 41.0 26
30.0 40.5 27
52.0 39.5 30
37.0 39.5 28
33.0 39.5 27
42.0 39.5 29
45.5 39.0 26
47.5 39.0 24
30.0 36.5 25
49.0 36.0 24
47.0 34.5 24
30.0 34.5 24
48.5 33.0 23
28.5 33.0 26
50.0 32.5 28
31.0 31.0 25
48.0 31.0 24
48.5 29.0 24
47.5 27.5 26
29.0 27.0 25
25.0 27.0 30
31.0 27.0 27
15.0 27.0 36
36.0 27.0 33
20.5 26.5 29
17.0 26.0 30
28.0 26.0 28
49.5 26.0 36
41.0 26.0 30
7.0 25.5 38
45.0 25.5 30
10.0 25.0 35
23.5 25.0 27
21.0 24.5 28
26.5 24.5 28
42.0 24.0 27
37.5 24.0 32
17.0 24.0 34
32.5 24.0 29
11.5 23.5 33
8.5 23.5 37
30.5 23.5 25
47.0 23.0 31
44.5 22.5 24
45.0 21.5 24
28.5 21.0 27
30.5 20.0 26
43.0 18.0 24
44.5 17.0 23
29.0 17.0 24
30.5 16.0 24
42.5 16.0 25
46.5 13.5 26
29.5 12.5 25
41.5 12.5 26
44.5 10.5 24
30.0 10.0 25
47.0 9.5 28
42.5 8.5 25
30.5 7.5 26
44.5 7.5 26
35.0 7.0 29
37.5 7.0 28
47.5 7.0 30
30.0 5.5 35
43.0 5.5 30
34.5 5.5 32
39.0 5.0 32
47.5 4.5 36
                                                                                                                                                                                                                                                                                                                                                                                  set130/set_130_1_350.txt                                                                            000644  001751  001751  00000003216 13311533510 013662  0                                                                                                    ustar 00jf                              jf                              000000  000000                                                                                                                                                                         350 1
53.0 45.5 0
53.0 45.4 0
31.5 76.0 34
35.5 75.5 30
44.0 75.0 35
40.5 75.0 30
32.0 74.5 26
35.5 74.5 27
43.0 73.0 26
29.0 72.0 30
30.5 72.0 25
40.0 72.0 25
38.5 70.0 27
29.5 69.5 24
44.0 69.0 26
41.0 66.5 25
30.0 66.0 24
29.0 66.0 25
44.5 64.5 28
43.5 64.0 23
43.5 64.0 24
30.5 63.0 26
28.5 61.5 26
43.5 60.5 26
21.5 60.5 35
8.5 60.0 39
14.5 60.0 35
32.0 60.0 29
37.0 60.0 31
17.5 59.5 29
26.5 59.0 30
46.5 59.0 30
51.5 59.0 36
49.5 59.0 29
20.0 59.0 28
11.0 59.0 34
38.5 58.5 31
33.5 58.0 30
23.5 58.0 31
18.5 58.0 28
14.0 57.5 32
9.0 57.0 38
30.0 57.0 27
44.5 56.5 26
17.0 56.5 35
43.0 55.0 27
29.5 54.5 26
46.5 53.5 25
45.5 52.5 23
46.5 50.0 23
31.0 50.0 25
45.0 47.0 23
48.0 45.5 26
28.5 45.5 29
29.5 43.0 25
43.0 43.0 28
33.5 43.0 28
37.5 43.0 28
52.5 42.0 34
47.5 41.5 26
50.5 41.0 26
40.0 41.0 26
30.0 40.5 27
52.0 39.5 30
37.0 39.5 28
33.0 39.5 27
42.0 39.5 29
45.5 39.0 26
47.5 39.0 24
30.0 36.5 25
49.0 36.0 24
47.0 34.5 24
30.0 34.5 24
48.5 33.0 23
28.5 33.0 26
50.0 32.5 28
31.0 31.0 25
48.0 31.0 24
48.5 29.0 24
47.5 27.5 26
29.0 27.0 25
25.0 27.0 30
31.0 27.0 27
15.0 27.0 36
36.0 27.0 33
20.5 26.5 29
17.0 26.0 30
28.0 26.0 28
49.5 26.0 36
41.0 26.0 30
7.0 25.5 38
45.0 25.5 30
10.0 25.0 35
23.5 25.0 27
21.0 24.5 28
26.5 24.5 28
42.0 24.0 27
37.5 24.0 32
17.0 24.0 34
32.5 24.0 29
11.5 23.5 33
8.5 23.5 37
30.5 23.5 25
47.0 23.0 31
44.5 22.5 24
45.0 21.5 24
28.5 21.0 27
30.5 20.0 26
43.0 18.0 24
44.5 17.0 23
29.0 17.0 24
30.5 16.0 24
42.5 16.0 25
46.5 13.5 26
29.5 12.5 25
41.5 12.5 26
44.5 10.5 24
30.0 10.0 25
47.0 9.5 28
42.5 8.5 25
30.5 7.5 26
44.5 7.5 26
35.0 7.0 29
37.5 7.0 28
47.5 7.0 30
30.0 5.5 35
43.0 5.5 30
34.5 5.5 32
39.0 5.0 32
47.5 4.5 36
                                                                                                                                                                                                                                                                                                                                                                                  set130/set_130_1_400.txt                                                                            000644  001751  001751  00000003216 13311533510 013656  0                                                                                                    ustar 00jf                              jf                              000000  000000                                                                                                                                                                         400 1
53.0 45.5 0
53.0 45.4 0
31.5 76.0 34
35.5 75.5 30
44.0 75.0 35
40.5 75.0 30
32.0 74.5 26
35.5 74.5 27
43.0 73.0 26
29.0 72.0 30
30.5 72.0 25
40.0 72.0 25
38.5 70.0 27
29.5 69.5 24
44.0 69.0 26
41.0 66.5 25
30.0 66.0 24
29.0 66.0 25
44.5 64.5 28
43.5 64.0 23
43.5 64.0 24
30.5 63.0 26
28.5 61.5 26
43.5 60.5 26
21.5 60.5 35
8.5 60.0 39
14.5 60.0 35
32.0 60.0 29
37.0 60.0 31
17.5 59.5 29
26.5 59.0 30
46.5 59.0 30
51.5 59.0 36
49.5 59.0 29
20.0 59.0 28
11.0 59.0 34
38.5 58.5 31
33.5 58.0 30
23.5 58.0 31
18.5 58.0 28
14.0 57.5 32
9.0 57.0 38
30.0 57.0 27
44.5 56.5 26
17.0 56.5 35
43.0 55.0 27
29.5 54.5 26
46.5 53.5 25
45.5 52.5 23
46.5 50.0 23
31.0 50.0 25
45.0 47.0 23
48.0 45.5 26
28.5 45.5 29
29.5 43.0 25
43.0 43.0 28
33.5 43.0 28
37.5 43.0 28
52.5 42.0 34
47.5 41.5 26
50.5 41.0 26
40.0 41.0 26
30.0 40.5 27
52.0 39.5 30
37.0 39.5 28
33.0 39.5 27
42.0 39.5 29
45.5 39.0 26
47.5 39.0 24
30.0 36.5 25
49.0 36.0 24
47.0 34.5 24
30.0 34.5 24
48.5 33.0 23
28.5 33.0 26
50.0 32.5 28
31.0 31.0 25
48.0 31.0 24
48.5 29.0 24
47.5 27.5 26
29.0 27.0 25
25.0 27.0 30
31.0 27.0 27
15.0 27.0 36
36.0 27.0 33
20.5 26.5 29
17.0 26.0 30
28.0 26.0 28
49.5 26.0 36
41.0 26.0 30
7.0 25.5 38
45.0 25.5 30
10.0 25.0 35
23.5 25.0 27
21.0 24.5 28
26.5 24.5 28
42.0 24.0 27
37.5 24.0 32
17.0 24.0 34
32.5 24.0 29
11.5 23.5 33
8.5 23.5 37
30.5 23.5 25
47.0 23.0 31
44.5 22.5 24
45.0 21.5 24
28.5 21.0 27
30.5 20.0 26
43.0 18.0 24
44.5 17.0 23
29.0 17.0 24
30.5 16.0 24
42.5 16.0 25
46.5 13.5 26
29.5 12.5 25
41.5 12.5 26
44.5 10.5 24
30.0 10.0 25
47.0 9.5 28
42.5 8.5 25
30.5 7.5 26
44.5 7.5 26
35.0 7.0 29
37.5 7.0 28
47.5 7.0 30
30.0 5.5 35
43.0 5.5 30
34.5 5.5 32
39.0 5.0 32
47.5 4.5 36
                                                                                                                                                                                                                                                                                                                                                                                  set130/set_130_1_410.txt                                                                            000644  001751  001751  00000003216 13311533510 013657  0                                                                                                    ustar 00jf                              jf                              000000  000000                                                                                                                                                                         410 1
53.0 45.5 0
53.0 45.4 0
31.5 76.0 34
35.5 75.5 30
44.0 75.0 35
40.5 75.0 30
32.0 74.5 26
35.5 74.5 27
43.0 73.0 26
29.0 72.0 30
30.5 72.0 25
40.0 72.0 25
38.5 70.0 27
29.5 69.5 24
44.0 69.0 26
41.0 66.5 25
30.0 66.0 24
29.0 66.0 25
44.5 64.5 28
43.5 64.0 23
43.5 64.0 24
30.5 63.0 26
28.5 61.5 26
43.5 60.5 26
21.5 60.5 35
8.5 60.0 39
14.5 60.0 35
32.0 60.0 29
37.0 60.0 31
17.5 59.5 29
26.5 59.0 30
46.5 59.0 30
51.5 59.0 36
49.5 59.0 29
20.0 59.0 28
11.0 59.0 34
38.5 58.5 31
33.5 58.0 30
23.5 58.0 31
18.5 58.0 28
14.0 57.5 32
9.0 57.0 38
30.0 57.0 27
44.5 56.5 26
17.0 56.5 35
43.0 55.0 27
29.5 54.5 26
46.5 53.5 25
45.5 52.5 23
46.5 50.0 23
31.0 50.0 25
45.0 47.0 23
48.0 45.5 26
28.5 45.5 29
29.5 43.0 25
43.0 43.0 28
33.5 43.0 28
37.5 43.0 28
52.5 42.0 34
47.5 41.5 26
50.5 41.0 26
40.0 41.0 26
30.0 40.5 27
52.0 39.5 30
37.0 39.5 28
33.0 39.5 27
42.0 39.5 29
45.5 39.0 26
47.5 39.0 24
30.0 36.5 25
49.0 36.0 24
47.0 34.5 24
30.0 34.5 24
48.5 33.0 23
28.5 33.0 26
50.0 32.5 28
31.0 31.0 25
48.0 31.0 24
48.5 29.0 24
47.5 27.5 26
29.0 27.0 25
25.0 27.0 30
31.0 27.0 27
15.0 27.0 36
36.0 27.0 33
20.5 26.5 29
17.0 26.0 30
28.0 26.0 28
49.5 26.0 36
41.0 26.0 30
7.0 25.5 38
45.0 25.5 30
10.0 25.0 35
23.5 25.0 27
21.0 24.5 28
26.5 24.5 28
42.0 24.0 27
37.5 24.0 32
17.0 24.0 34
32.5 24.0 29
11.5 23.5 33
8.5 23.5 37
30.5 23.5 25
47.0 23.0 31
44.5 22.5 24
45.0 21.5 24
28.5 21.0 27
30.5 20.0 26
43.0 18.0 24
44.5 17.0 23
29.0 17.0 24
30.5 16.0 24
42.5 16.0 25
46.5 13.5 26
29.5 12.5 25
41.5 12.5 26
44.5 10.5 24
30.0 10.0 25
47.0 9.5 28
42.5 8.5 25
30.5 7.5 26
44.5 7.5 26
35.0 7.0 29
37.5 7.0 28
47.5 7.0 30
30.0 5.5 35
43.0 5.5 30
34.5 5.5 32
39.0 5.0 32
47.5 4.5 36
                                                                                                                                                                                                                                                                                                                                                                                  set130/set_130_1_417.txt                                                                            000644  001751  001751  00000003216 13311533510 013666  0                                                                                                    ustar 00jf                              jf                              000000  000000                                                                                                                                                                         417 1
53.0 45.5 0
53.0 45.4 0
31.5 76.0 34
35.5 75.5 30
44.0 75.0 35
40.5 75.0 30
32.0 74.5 26
35.5 74.5 27
43.0 73.0 26
29.0 72.0 30
30.5 72.0 25
40.0 72.0 25
38.5 70.0 27
29.5 69.5 24
44.0 69.0 26
41.0 66.5 25
30.0 66.0 24
29.0 66.0 25
44.5 64.5 28
43.5 64.0 23
43.5 64.0 24
30.5 63.0 26
28.5 61.5 26
43.5 60.5 26
21.5 60.5 35
8.5 60.0 39
14.5 60.0 35
32.0 60.0 29
37.0 60.0 31
17.5 59.5 29
26.5 59.0 30
46.5 59.0 30
51.5 59.0 36
49.5 59.0 29
20.0 59.0 28
11.0 59.0 34
38.5 58.5 31
33.5 58.0 30
23.5 58.0 31
18.5 58.0 28
14.0 57.5 32
9.0 57.0 38
30.0 57.0 27
44.5 56.5 26
17.0 56.5 35
43.0 55.0 27
29.5 54.5 26
46.5 53.5 25
45.5 52.5 23
46.5 50.0 23
31.0 50.0 25
45.0 47.0 23
48.0 45.5 26
28.5 45.5 29
29.5 43.0 25
43.0 43.0 28
33.5 43.0 28
37.5 43.0 28
52.5 42.0 34
47.5 41.5 26
50.5 41.0 26
40.0 41.0 26
30.0 40.5 27
52.0 39.5 30
37.0 39.5 28
33.0 39.5 27
42.0 39.5 29
45.5 39.0 26
47.5 39.0 24
30.0 36.5 25
49.0 36.0 24
47.0 34.5 24
30.0 34.5 24
48.5 33.0 23
28.5 33.0 26
50.0 32.5 28
31.0 31.0 25
48.0 31.0 24
48.5 29.0 24
47.5 27.5 26
29.0 27.0 25
25.0 27.0 30
31.0 27.0 27
15.0 27.0 36
36.0 27.0 33
20.5 26.5 29
17.0 26.0 30
28.0 26.0 28
49.5 26.0 36
41.0 26.0 30
7.0 25.5 38
45.0 25.5 30
10.0 25.0 35
23.5 25.0 27
21.0 24.5 28
26.5 24.5 28
42.0 24.0 27
37.5 24.0 32
17.0 24.0 34
32.5 24.0 29
11.5 23.5 33
8.5 23.5 37
30.5 23.5 25
47.0 23.0 31
44.5 22.5 24
45.0 21.5 24
28.5 21.0 27
30.5 20.0 26
43.0 18.0 24
44.5 17.0 23
29.0 17.0 24
30.5 16.0 24
42.5 16.0 25
46.5 13.5 26
29.5 12.5 25
41.5 12.5 26
44.5 10.5 24
30.0 10.0 25
47.0 9.5 28
42.5 8.5 25
30.5 7.5 26
44.5 7.5 26
35.0 7.0 29
37.5 7.0 28
47.5 7.0 30
30.0 5.5 35
43.0 5.5 30
34.5 5.5 32
39.0 5.0 32
47.5 4.5 36
                                                                                                                                                                                                                                                                                                                                                                                  set130/set_130_1_420.txt                                                                            000644  001751  001751  00000003216 13311533510 013660  0                                                                                                    ustar 00jf                              jf                              000000  000000                                                                                                                                                                         420 1
53.0 45.5 0
53.0 45.4 0
31.5 76.0 34
35.5 75.5 30
44.0 75.0 35
40.5 75.0 30
32.0 74.5 26
35.5 74.5 27
43.0 73.0 26
29.0 72.0 30
30.5 72.0 25
40.0 72.0 25
38.5 70.0 27
29.5 69.5 24
44.0 69.0 26
41.0 66.5 25
30.0 66.0 24
29.0 66.0 25
44.5 64.5 28
43.5 64.0 23
43.5 64.0 24
30.5 63.0 26
28.5 61.5 26
43.5 60.5 26
21.5 60.5 35
8.5 60.0 39
14.5 60.0 35
32.0 60.0 29
37.0 60.0 31
17.5 59.5 29
26.5 59.0 30
46.5 59.0 30
51.5 59.0 36
49.5 59.0 29
20.0 59.0 28
11.0 59.0 34
38.5 58.5 31
33.5 58.0 30
23.5 58.0 31
18.5 58.0 28
14.0 57.5 32
9.0 57.0 38
30.0 57.0 27
44.5 56.5 26
17.0 56.5 35
43.0 55.0 27
29.5 54.5 26
46.5 53.5 25
45.5 52.5 23
46.5 50.0 23
31.0 50.0 25
45.0 47.0 23
48.0 45.5 26
28.5 45.5 29
29.5 43.0 25
43.0 43.0 28
33.5 43.0 28
37.5 43.0 28
52.5 42.0 34
47.5 41.5 26
50.5 41.0 26
40.0 41.0 26
30.0 40.5 27
52.0 39.5 30
37.0 39.5 28
33.0 39.5 27
42.0 39.5 29
45.5 39.0 26
47.5 39.0 24
30.0 36.5 25
49.0 36.0 24
47.0 34.5 24
30.0 34.5 24
48.5 33.0 23
28.5 33.0 26
50.0 32.5 28
31.0 31.0 25
48.0 31.0 24
48.5 29.0 24
47.5 27.5 26
29.0 27.0 25
25.0 27.0 30
31.0 27.0 27
15.0 27.0 36
36.0 27.0 33
20.5 26.5 29
17.0 26.0 30
28.0 26.0 28
49.5 26.0 36
41.0 26.0 30
7.0 25.5 38
45.0 25.5 30
10.0 25.0 35
23.5 25.0 27
21.0 24.5 28
26.5 24.5 28
42.0 24.0 27
37.5 24.0 32
17.0 24.0 34
32.5 24.0 29
11.5 23.5 33
8.5 23.5 37
30.5 23.5 25
47.0 23.0 31
44.5 22.5 24
45.0 21.5 24
28.5 21.0 27
30.5 20.0 26
43.0 18.0 24
44.5 17.0 23
29.0 17.0 24
30.5 16.0 24
42.5 16.0 25
46.5 13.5 26
29.5 12.5 25
41.5 12.5 26
44.5 10.5 24
30.0 10.0 25
47.0 9.5 28
42.5 8.5 25
30.5 7.5 26
44.5 7.5 26
35.0 7.0 29
37.5 7.0 28
47.5 7.0 30
30.0 5.5 35
43.0 5.5 30
34.5 5.5 32
39.0 5.0 32
47.5 4.5 36
                                                                                                                                                                                                                                                                                                                                                                                  set130/set_130_1_50.txt                                                                             000644  001751  001751  00000003215 13311533510 013576  0                                                                                                    ustar 00jf                              jf                              000000  000000                                                                                                                                                                         50 1
53.0 45.5 0
53.0 45.4 0
31.5 76.0 34
35.5 75.5 30
44.0 75.0 35
40.5 75.0 30
32.0 74.5 26
35.5 74.5 27
43.0 73.0 26
29.0 72.0 30
30.5 72.0 25
40.0 72.0 25
38.5 70.0 27
29.5 69.5 24
44.0 69.0 26
41.0 66.5 25
30.0 66.0 24
29.0 66.0 25
44.5 64.5 28
43.5 64.0 23
43.5 64.0 24
30.5 63.0 26
28.5 61.5 26
43.5 60.5 26
21.5 60.5 35
8.5 60.0 39
14.5 60.0 35
32.0 60.0 29
37.0 60.0 31
17.5 59.5 29
26.5 59.0 30
46.5 59.0 30
51.5 59.0 36
49.5 59.0 29
20.0 59.0 28
11.0 59.0 34
38.5 58.5 31
33.5 58.0 30
23.5 58.0 31
18.5 58.0 28
14.0 57.5 32
9.0 57.0 38
30.0 57.0 27
44.5 56.5 26
17.0 56.5 35
43.0 55.0 27
29.5 54.5 26
46.5 53.5 25
45.5 52.5 23
46.5 50.0 23
31.0 50.0 25
45.0 47.0 23
48.0 45.5 26
28.5 45.5 29
29.5 43.0 25
43.0 43.0 28
33.5 43.0 28
37.5 43.0 28
52.5 42.0 34
47.5 41.5 26
50.5 41.0 26
40.0 41.0 26
30.0 40.5 27
52.0 39.5 30
37.0 39.5 28
33.0 39.5 27
42.0 39.5 29
45.5 39.0 26
47.5 39.0 24
30.0 36.5 25
49.0 36.0 24
47.0 34.5 24
30.0 34.5 24
48.5 33.0 23
28.5 33.0 26
50.0 32.5 28
31.0 31.0 25
48.0 31.0 24
48.5 29.0 24
47.5 27.5 26
29.0 27.0 25
25.0 27.0 30
31.0 27.0 27
15.0 27.0 36
36.0 27.0 33
20.5 26.5 29
17.0 26.0 30
28.0 26.0 28
49.5 26.0 36
41.0 26.0 30
7.0 25.5 38
45.0 25.5 30
10.0 25.0 35
23.5 25.0 27
21.0 24.5 28
26.5 24.5 28
42.0 24.0 27
37.5 24.0 32
17.0 24.0 34
32.5 24.0 29
11.5 23.5 33
8.5 23.5 37
30.5 23.5 25
47.0 23.0 31
44.5 22.5 24
45.0 21.5 24
28.5 21.0 27
30.5 20.0 26
43.0 18.0 24
44.5 17.0 23
29.0 17.0 24
30.5 16.0 24
42.5 16.0 25
46.5 13.5 26
29.5 12.5 25
41.5 12.5 26
44.5 10.5 24
30.0 10.0 25
47.0 9.5 28
42.5 8.5 25
30.5 7.5 26
44.5 7.5 26
35.0 7.0 29
37.5 7.0 28
47.5 7.0 30
30.0 5.5 35
43.0 5.5 30
34.5 5.5 32
39.0 5.0 32
47.5 4.5 36
                                                                                                                                                                                                                                                                                                                                                                                                                                                                                                                                                                                                                                                                                                                                                                                                                                                                                                                                                                                                                                                                                                                                                                                                                                                                                                                                                                                                                                                   